25689
26729
26792
26472
26695
26701
26374
26164
25773
26568
26209
26257
26458
26293
25886
26461
26284
25684
26643
25761
25803
25711
26098
26815
26773
25916
26181
25805
26507
26214
25909
26619
26605
26859
26002
26804
25701
26557
26016
26559
26142
25785
25829
26858
26061
26711
26336
26733
26162
26651
26282
26791
25873
26064
26025
25706
26430
25698
25795
26857
25778
25697
26777
26247
26588
25937
26532
26564
26383
26491
26058
25756
26101
26088
26356
26212
26113
25727
26524
26818
26790
26390
25837
25970
26208
25960
26038
25853
26617
26745
26170
26669
26683
26560
25799
26408
26213
26754
25945
26253
26279
26340
26054
26546
26484
26808
25729
26310
26793
26837
25707
26820
26020
26737
26480
26377
26259
25862
26361
26758
26799
26351
26036
25999
26743
26692
26263
25997
26722
26664
26114
26829
26466
25823
25888
26402
26763
26371
26188
26577
25952
26283
25796
26294
26582
26596
26827
26603
25935
26353
26540
26126
26652
26412
25749
25806
26593
25928
26826
26821
26095
26133
25851
26211
26469
25868
26052
26163
26471
25840
26844
26082
26306
26518
26060
26427
25976
26764
25709
26511
26735
26110
26423
26684
25740
26332
26363
25831
26501
26327
26667
26331
25948
26121
26598
26553
26326
25687
25710
26741
26482
26594
26341
26321
26045
25922
26439
26018
26721
26416
26116
25700
25985
26700
26042
25808
25869
26231
25714
25826
25901
25950
26517
26398
25915
26196
26794
26027
25703
26527
26489
25939
26456
25771
26140
26328
25692
26252
26107
26801
26039
25792
26457
25721
26579
26696
26281
26228
26689
26460
25753
26166
25713
26103
26848
26040
26642
26319
26206
26814
26405
26539
25895
26226
26713
26698
25892
25874
26625
25704
26124
25817
26672
26570
25921
26152
26418
26602
25824
25815
26207
26143
25941
26033
26309
26831
25735
25966
25793
26055
25880
26452
26346
26106
26727
26708
26320
26137
26665
25917
25804
26444
25998
26548
26280
26034
26551
26861
26693
25866
25814
25881
26120
25842
26512
25779
25910
26601
26641
26771
25962
26069
26394
26130
25848
26453
26802
25845
26267
26308
26846
26479
26769
26504
26678
26305
26626
26628
26499
26514
26747
26756
25894
26062
26644
26146
26530
26809
26050
26404
25794
26454
26774
25744
26734
26268
25897
26434
26563
26044
26443
26220
26583
26715
26478
26789
26440
26005
26658
26682
26441
25843
26150
26081
25913
26410
26753
25918
26767
25949
26597
26526
26010
25855
26300
26702
25685
25784
25718
26429
25946
25987
26781
25733
26739
26190
26059
26856
26660
25776
25879
26724
25819
26378
26797
26318
26415
26387
26003
26022
25991
26833
26026
26285
26618
26534
26296
25872
25836
26221
26349
26703
26132
26235
26288
26198
26158
25870
26705
26105
26860
26123
26385
25730
25988
26470
26513
26248
25850
26646
26850
26607
26352
26246
26077
25934
26699
26496
26419
26357
26503
25984
26091
26785
26017
25864
26645
26169
26780
26078
25971
26509
26047
26536
26778
26525
26806
26768
26595
26772
26201
25925
26649
26561
26084
26839
26096
26411
26168
26237
25982
25967
26580
26728
25832
26171
25742
26612
25947
26269
25760
26555
26481
26215
26147
26562
25827
26477
26796
26647
25933
26680
25919
25747
25936
25770
26299
26567