54635464
54038307
54062660
54225042
54404445
54080191
54060951
54992092
54295177
54073986
53710363
54773622
54243296
54212853
54073975
54828370
53965640
54062458
53890007
55054567
53864337
54364377
54010091
54192442
54879444
54106757
55120932
54894860
54881709
54059485
54456268
53868274
54940231
54270955
54080801
55147427
54044627
54471389
54073385
53986981
54162093
54271443
54896775
54531786
55081866
53899207
54669295
53904553
54226376
53840632
54998740
55054061
53787936
53999283
54027848
54230428
54089031
53737240
55144252
54073408
53594786
54086942
53956478
55104205
54820998
54039643
54605581
53991005
54090866
55054038
55009926
53846616
55066137
54884181
55054512
53997364
54740326
54766696
53989949
54925932
54030300
54876723
55145072
53920784
54883317
54546672
54897513
54828093
55175997
55064715
54615626
55090578
54866662
53946043
54084287
54870287
54604304
55022129
54828856
54057995
53850834
55088425
54017334
54333669
54529378
54531117
54089266
53591918
54239907
54628441
53965202
54057164
53997843
54650004
54451075
55055654